Slack: 20 Time: 5
500 50711044.00
1000 22205856.00
1500 22205856.00
2000 22205856.00
2500 22205856.00
3000 22205856.00
3500 22205856.00
4000 22205856.00
4500 22205856.00
5000 22205856.00
5500 22205856.00
6000 22205856.00
6500 22205856.00
7000 22205856.00
7500 22205856.00
8000 22205856.00
8500 22205856.00
9000 22205856.00
9500 22205856.00
10000 22205856.00
10500 22205856.00
11000 22205856.00
11500 22205856.00
12000 22205856.00
12500 22205856.00
13000 22205856.00
13500 22205856.00
14000 22205856.00
14500 22205856.00
15000 22205856.00
15500 22205856.00
16000 22205856.00
16500 22205856.00
17000 22205856.00
17500 22205856.00
18000 22205856.00
18500 22205856.00
19000 22205856.00
19500 22205856.00
20000 22205856.00
